{
    "camera_angle_x": 0.6911112070083618,
    "camera_angle_y": 0.4710899591445923,
    "fl_x": 1000.0,
    "fl_y": 1000.0,
    "k1": 0.0,
    "k2": 0.0,
    "p1": 0.0,
    "p2": 0.0,
    "cx": 360.0,
    "cy": 240.0,
    "w": 720.0,
    "h": 480.0,
    "aabb_scale": 4,
    "frames": [
        {
            "file_path": "test/0000.png",
            "transform_matrix": [
                [
                    0.0,
                    -0.1736481934785843,
                    0.9848077297210693,
                    2.954423189163208
                ],
                [
                    1.0,
                    0.0,
                    0.0,
                    0.0
                ],
                [
                    0.0,
                    0.9848077893257141,
                    0.1736481785774231,
                    0.5209445357322693
                ],
                [
                    0.0,
                    0.0,
                    0.0,
                    1.0
                ]
            ]
        },
        {
            "file_path": "test/0001.png",
            "transform_matrix": [
                [
                    -0.30901700258255005,
                    -0.1651492416858673,
                    0.936607837677002,
                    2.809823513031006
                ],
                [
                    0.9510565996170044,
                    -0.05366024002432823,
                    0.30432233214378357,
                    0.9129669666290283
                ],
                [
                    0.0,
                    0.9848077893257141,
                    0.1736481785774231,
                    0.5209445357322693
                ],
                [
                    0.0,
                    0.0,
                    0.0,
                    1.0
                ]
            ]
        },
        {
            "file_path": "test/0002.png",
            "transform_matrix": [
                [
                    -0.5877853035926819,
                    -0.14048433303833008,
                    0.7967262268066406,
                    2.390178680419922
                ],
                [
                    0.8090170621871948,
                    -0.10206784307956696,
                    0.5788554549217224,
                    1.7365663051605225
                ],
                [
                    7.450580596923828e-09,
                    0.9848077893257141,
                    0.1736481785774231,
                    0.5209445357322693
                ],
                [
                    0.0,
                    0.0,
                    0.0,
                    1.0
                ]
            ]
        },
        {
            "file_path": "test/0003.png",
            "transform_matrix": [
                [
                    -0.8090170621871948,
                    -0.10206784307956696,
                    0.5788554549217224,
                    1.7365663051605225
                ],
                [
                    0.5877853035926819,
                    -0.14048433303833008,
                    0.7967262268066406,
                    2.390178680419922
                ],
                [
                    -7.450580596923828e-09,
                    0.9848077893257141,
                    0.1736481785774231,
                    0.5209445357322693
                ],
                [
                    0.0,
                    0.0,
                    0.0,
                    1.0
                ]
            ]
        },
        {
            "file_path": "test/0004.png",
            "transform_matrix": [
                [
                    -0.9510565996170044,
                    -0.05366024002432823,
                    0.30432233214378357,
                    0.9129669666290283
                ],
                [
                    0.30901700258255005,
                    -0.1651492416858673,
                    0.936607837677002,
                    2.809823513031006
                ],
                [
                    0.0,
                    0.9848077893257141,
                    0.1736481785774231,
                    0.5209445357322693
                ],
                [
                    0.0,
                    0.0,
                    0.0,
                    1.0
                ]
            ]
        },
        {
            "file_path": "test/0005.png",
            "transform_matrix": [
                [
                    -1.0,
                    -1.0632886477763875e-17,
                    6.030208869493636e-17,
                    1.8090625284991927e-16
                ],
                [
                    6.123234924670329e-17,
                    -0.1736481934785843,
                    0.9848077297210693,
                    2.954423189163208
                ],
                [
                    0.0,
                    0.9848077893257141,
                    0.1736481785774231,
                    0.5209445357322693
                ],
                [
                    0.0,
                    0.0,
                    0.0,
                    1.0
                ]
            ]
        },
        {
            "file_path": "test/0006.png",
            "transform_matrix": [
                [
                    -0.9510565996170044,
                    0.05366024002432823,
                    -0.30432233214378357,
                    -0.9129669666290283
                ],
                [
                    -0.30901700258255005,
                    -0.1651492416858673,
                    0.936607837677002,
                    2.809823513031006
                ],
                [
                    0.0,
                    0.9848077893257141,
                    0.1736481785774231,
                    0.5209445357322693
                ],
                [
                    0.0,
                    0.0,
                    0.0,
                    1.0
                ]
            ]
        },
        {
            "file_path": "test/0007.png",
            "transform_matrix": [
                [
                    -0.8090170621871948,
                    0.10206784307956696,
                    -0.5788554549217224,
                    -1.7365663051605225
                ],
                [
                    -0.5877853035926819,
                    -0.14048433303833008,
                    0.7967262268066406,
                    2.390178680419922
                ],
                [
                    7.450580596923828e-09,
                    0.9848077893257141,
                    0.1736481785774231,
                    0.5209445357322693
                ],
                [
                    0.0,
                    0.0,
                    0.0,
                    1.0
                ]
            ]
        },
        {
            "file_path": "test/0008.png",
            "transform_matrix": [
                [
                    -0.5877853035926819,
                    0.14048433303833008,
                    -0.7967262268066406,
                    -2.390178680419922
                ],
                [
                    -0.8090170621871948,
                    -0.10206784307956696,
                    0.5788554549217224,
                    1.7365663051605225
                ],
                [
                    -7.450580596923828e-09,
                    0.9848077893257141,
                    0.1736481785774231,
                    0.5209445357322693
                ],
                [
                    0.0,
                    0.0,
                    0.0,
                    1.0
                ]
            ]
        },
        {
            "file_path": "test/0009.png",
            "transform_matrix": [
                [
                    -0.30901700258255005,
                    0.1651492416858673,
                    -0.936607837677002,
                    -2.809823513031006
                ],
                [
                    -0.9510565996170044,
                    -0.05366024002432823,
                    0.30432233214378357,
                    0.9129669666290283
                ],
                [
                    0.0,
                    0.9848077893257141,
                    0.1736481785774231,
                    0.5209445357322693
                ],
                [
                    0.0,
                    0.0,
                    0.0,
                    1.0
                ]
            ]
        },
        {
            "file_path": "val/0010.png",
            "transform_matrix": [
                [
                    -1.2246469849340659e-16,
                    0.1736481934785843,
                    -0.9848077297210693,
                    -2.954423189163208
                ],
                [
                    -1.0,
                    -2.126577295552775e-17,
                    1.2060417738987271e-16,
                    3.6181250569983854e-16
                ],
                [
                    0.0,
                    0.9848077893257141,
                    0.1736481785774231,
                    0.5209445357322693
                ],
                [
                    0.0,
                    0.0,
                    0.0,
                    1.0
                ]
            ]
        },
        {
            "file_path": "val/0011.png",
            "transform_matrix": [
                [
                    0.30901700258255005,
                    0.1651492416858673,
                    -0.936607837677002,
                    -2.809823513031006
                ],
                [
                    -0.9510565996170044,
                    0.05366024002432823,
                    -0.30432233214378357,
                    -0.9129669666290283
                ],
                [
                    0.0,
                    0.9848077893257141,
                    0.1736481785774231,
                    0.5209445357322693
                ],
                [
                    0.0,
                    0.0,
                    0.0,
                    1.0
                ]
            ]
        },
        {
            "file_path": "val/0012.png",
            "transform_matrix": [
                [
                    0.5877853035926819,
                    0.14048433303833008,
                    -0.7967262268066406,
                    -2.390178680419922
                ],
                [
                    -0.8090170621871948,
                    0.10206784307956696,
                    -0.5788554549217224,
                    -1.7365663051605225
                ],
                [
                    7.450580596923828e-09,
                    0.9848077893257141,
                    0.1736481785774231,
                    0.5209445357322693
                ],
                [
                    0.0,
                    0.0,
                    0.0,
                    1.0
                ]
            ]
        },
        {
            "file_path": "val/0013.png",
            "transform_matrix": [
                [
                    0.8090170621871948,
                    0.10206784307956696,
                    -0.5788554549217224,
                    -1.7365663051605225
                ],
                [
                    -0.5877853035926819,
                    0.14048433303833008,
                    -0.7967262268066406,
                    -2.390178680419922
                ],
                [
                    -7.450580596923828e-09,
                    0.9848077893257141,
                    0.1736481785774231,
                    0.5209445357322693
                ],
                [
                    0.0,
                    0.0,
                    0.0,
                    1.0
                ]
            ]
        },
        {
            "file_path": "val/0014.png",
            "transform_matrix": [
                [
                    0.9510565996170044,
                    0.05366024002432823,
                    -0.30432233214378357,
                    -0.9129669666290283
                ],
                [
                    -0.30901700258255005,
                    0.1651492416858673,
                    -0.936607837677002,
                    -2.809823513031006
                ],
                [
                    0.0,
                    0.9848077893257141,
                    0.1736481785774231,
                    0.5209445357322693
                ],
                [
                    0.0,
                    0.0,
                    0.0,
                    1.0
                ]
            ]
        },
        {
            "file_path": "val/0015.png",
            "transform_matrix": [
                [
                    1.0,
                    3.189865860611101e-17,
                    -1.8090626608480907e-16,
                    -5.427187850195374e-16
                ],
                [
                    -1.8369704112266498e-16,
                    0.1736481934785843,
                    -0.9848077297210693,
                    -2.954423189163208
                ],
                [
                    0.0,
                    0.9848077893257141,
                    0.1736481785774231,
                    0.5209445357322693
                ],
                [
                    0.0,
                    0.0,
                    0.0,
                    1.0
                ]
            ]
        },
        {
            "file_path": "val/0016.png",
            "transform_matrix": [
                [
                    0.9510565996170044,
                    -0.05366024002432823,
                    0.30432233214378357,
                    0.9129669666290283
                ],
                [
                    0.30901700258255005,
                    0.1651492416858673,
                    -0.936607837677002,
                    -2.809823513031006
                ],
                [
                    0.0,
                    0.9848077893257141,
                    0.1736481785774231,
                    0.5209445357322693
                ],
                [
                    0.0,
                    0.0,
                    0.0,
                    1.0
                ]
            ]
        },
        {
            "file_path": "val/0017.png",
            "transform_matrix": [
                [
                    0.8090170621871948,
                    -0.10206784307956696,
                    0.5788554549217224,
                    1.7365663051605225
                ],
                [
                    0.5877853035926819,
                    0.14048433303833008,
                    -0.7967262268066406,
                    -2.390178680419922
                ],
                [
                    7.450580596923828e-09,
                    0.9848077893257141,
                    0.1736481785774231,
                    0.5209445357322693
                ],
                [
                    0.0,
                    0.0,
                    0.0,
                    1.0
                ]
            ]
        },
        {
            "file_path": "val/0018.png",
            "transform_matrix": [
                [
                    0.5877853035926819,
                    -0.14048433303833008,
                    0.7967262268066406,
                    2.390178680419922
                ],
                [
                    0.8090170621871948,
                    0.10206784307956696,
                    -0.5788554549217224,
                    -1.7365663051605225
                ],
                [
                    -7.450580596923828e-09,
                    0.9848077893257141,
                    0.1736481785774231,
                    0.5209445357322693
                ],
                [
                    0.0,
                    0.0,
                    0.0,
                    1.0
                ]
            ]
        },
        {
            "file_path": "val/0019.png",
            "transform_matrix": [
                [
                    0.30901700258255005,
                    -0.1651492416858673,
                    0.936607837677002,
                    2.809823513031006
                ],
                [
                    0.9510565996170044,
                    0.05366024002432823,
                    -0.30432233214378357,
                    -0.9129669666290283
                ],
                [
                    0.0,
                    0.9848077893257141,
                    0.1736481785774231,
                    0.5209445357322693
                ],
                [
                    0.0,
                    0.0,
                    0.0,
                    1.0
                ]
            ]
        },
        {
            "file_path": "train/0020.png",
            "transform_matrix": [
                [
                    0.0,
                    -0.44228866696357727,
                    0.8968727588653564,
                    2.6906182765960693
                ],
                [
                    1.0,
                    0.0,
                    0.0,
                    0.0
                ],
                [
                    0.0,
                    0.8968726992607117,
                    0.44228872656822205,
                    1.3268661499023438
                ],
                [
                    0.0,
                    0.0,
                    0.0,
                    1.0
                ]
            ]
        },
        {
            "file_path": "train/0021.png",
            "transform_matrix": [
                [
                    -0.30901700258255005,
                    -0.42064154148101807,
                    0.8529766798019409,
                    2.558929920196533
                ],
                [
                    0.9510564804077148,
                    -0.13667473196983337,
                    0.27714893221855164,
                    0.8314467668533325
                ],
                [
                    7.4505797087454084e-09,
                    0.8968728184700012,
                    0.44228872656822205,
                    1.3268661499023438
                ],
                [
                    0.0,
                    0.0,
                    0.0,
                    1.0
                ]
            ]
        },
        {
            "file_path": "train/0022.png",
            "transform_matrix": [
                [
                    -0.5877853035926819,
                    -0.3578190505504608,
                    0.7255852818489075,
                    2.176755905151367
                ],
                [
                    0.8090170621871948,
                    -0.2599707543849945,
                    0.5271685719490051,
                    1.5815057754516602
                ],
                [
                    0.0,
                    0.8968726992607117,
                    0.44228869676589966,
                    1.3268661499023438
                ],
                [
                    0.0,
                    0.0,
                    0.0,
                    1.0
                ]
            ]
        },
        {
            "file_path": "train/0023.png",
            "transform_matrix": [
                [
                    -0.8090170621871948,
                    -0.2599707543849945,
                    0.5271685719490051,
                    1.5815057754516602
                ],
                [
                    0.5877853035926819,
                    -0.3578190505504608,
                    0.7255852818489075,
                    2.176755905151367
                ],
                [
                    0.0,
                    0.8968726992607117,
                    0.44228869676589966,
                    1.3268661499023438
                ],
                [
                    0.0,
                    0.0,
                    0.0,
                    1.0
                ]
            ]
        },
        {
            "file_path": "train/0024.png",
            "transform_matrix": [
                [
                    -0.9510564804077148,
                    -0.13667473196983337,
                    0.27714893221855164,
                    0.8314467668533325
                ],
                [
                    0.30901700258255005,
                    -0.42064154148101807,
                    0.8529766798019409,
                    2.558929920196533
                ],
                [
                    -7.4505797087454084e-09,
                    0.8968728184700012,
                    0.44228872656822205,
                    1.3268661499023438
                ],
                [
                    0.0,
                    0.0,
                    0.0,
                    1.0
                ]
            ]
        },
        {
            "file_path": "train/0025.png",
            "transform_matrix": [
                [
                    -1.0,
                    -2.708236805665773e-17,
                    5.491761605452653e-17,
                    1.6475284485485713e-16
                ],
                [
                    6.123233601181349e-17,
                    -0.44228866696357727,
                    0.8968727588653564,
                    2.6906182765960693
                ],
                [
                    1.6543612251060553e-24,
                    0.8968726992607117,
                    0.44228872656822205,
                    1.3268661499023438
                ],
                [
                    0.0,
                    0.0,
                    0.0,
                    1.0
                ]
            ]
        },
        {
            "file_path": "train/0026.png",
            "transform_matrix": [
                [
                    -0.9510564804077148,
                    0.13667473196983337,
                    -0.27714893221855164,
                    -0.8314467668533325
                ],
                [
                    -0.30901700258255005,
                    -0.42064154148101807,
                    0.8529766798019409,
                    2.558929920196533
                ],
                [
                    7.4505797087454084e-09,
                    0.8968728184700012,
                    0.44228872656822205,
                    1.3268661499023438
                ],
                [
                    0.0,
                    0.0,
                    0.0,
                    1.0
                ]
            ]
        },
        {
            "file_path": "train/0027.png",
            "transform_matrix": [
                [
                    -0.8090170621871948,
                    0.2599707543849945,
                    -0.5271685719490051,
                    -1.5815057754516602
                ],
                [
                    -0.5877853035926819,
                    -0.3578190505504608,
                    0.7255852818489075,
                    2.176755905151367
                ],
                [
                    0.0,
                    0.8968726992607117,
                    0.44228869676589966,
                    1.3268661499023438
                ],
                [
                    0.0,
                    0.0,
                    0.0,
                    1.0
                ]
            ]
        },
        {
            "file_path": "train/0028.png",
            "transform_matrix": [
                [
                    -0.5877853035926819,
                    0.3578190505504608,
                    -0.7255852818489075,
                    -2.176755905151367
                ],
                [
                    -0.8090170621871948,
                    -0.2599707543849945,
                    0.5271685719490051,
                    1.5815057754516602
                ],
                [
                    0.0,
                    0.8968726992607117,
                    0.44228869676589966,
                    1.3268661499023438
                ],
                [
                    0.0,
                    0.0,
                    0.0,
                    1.0
                ]
            ]
        },
        {
            "file_path": "train/0029.png",
            "transform_matrix": [
                [
                    -0.30901700258255005,
                    0.42064154148101807,
                    -0.8529766798019409,
                    -2.558929920196533
                ],
                [
                    -0.9510564804077148,
                    -0.13667473196983337,
                    0.27714893221855164,
                    0.8314467668533325
                ],
                [
                    -7.4505797087454084e-09,
                    0.8968728184700012,
                    0.44228872656822205,
                    1.3268661499023438
                ],
                [
                    0.0,
                    0.0,
                    0.0,
                    1.0
                ]
            ]
        },
        {
            "file_path": "train/0030.png",
            "transform_matrix": [
                [
                    -1.2246467202362698e-16,
                    0.44228866696357727,
                    -0.8968727588653564,
                    -2.6906182765960693
                ],
                [
                    -1.0,
                    -5.416473611331546e-17,
                    1.0983523210905306e-16,
                    3.2950568970971426e-16
                ],
                [
                    3.308722450212111e-24,
                    0.8968726992607117,
                    0.44228872656822205,
                    1.3268661499023438
                ],
                [
                    0.0,
                    0.0,
                    0.0,
                    1.0
                ]
            ]
        },
        {
            "file_path": "train/0031.png",
            "transform_matrix": [
                [
                    0.30901700258255005,
                    0.42064154148101807,
                    -0.8529766798019409,
                    -2.558929920196533
                ],
                [
                    -0.9510564804077148,
                    0.13667473196983337,
                    -0.27714893221855164,
                    -0.8314467668533325
                ],
                [
                    7.4505797087454084e-09,
                    0.8968728184700012,
                    0.44228872656822205,
                    1.3268661499023438
                ],
                [
                    0.0,
                    0.0,
                    0.0,
                    1.0
                ]
            ]
        },
        {
            "file_path": "train/0032.png",
            "transform_matrix": [
                [
                    0.5877853035926819,
                    0.3578190505504608,
                    -0.7255852818489075,
                    -2.176755905151367
                ],
                [
                    -0.8090170621871948,
                    0.2599707543849945,
                    -0.5271685719490051,
                    -1.5815057754516602
                ],
                [
                    0.0,
                    0.8968726992607117,
                    0.44228869676589966,
                    1.3268661499023438
                ],
                [
                    0.0,
                    0.0,
                    0.0,
                    1.0
                ]
            ]
        },
        {
            "file_path": "train/0033.png",
            "transform_matrix": [
                [
                    0.8090170621871948,
                    0.2599707543849945,
                    -0.5271685719490051,
                    -1.5815057754516602
                ],
                [
                    -0.5877853035926819,
                    0.3578190505504608,
                    -0.7255852818489075,
                    -2.176755905151367
                ],
                [
                    0.0,
                    0.8968726992607117,
                    0.44228869676589966,
                    1.3268661499023438
                ],
                [
                    0.0,
                    0.0,
                    0.0,
                    1.0
                ]
            ]
        },
        {
            "file_path": "train/0034.png",
            "transform_matrix": [
                [
                    0.9510564804077148,
                    0.13667473196983337,
                    -0.27714893221855164,
                    -0.8314467668533325
                ],
                [
                    -0.30901700258255005,
                    0.42064154148101807,
                    -0.8529766798019409,
                    -2.558929920196533
                ],
                [
                    -7.4505797087454084e-09,
                    0.8968728184700012,
                    0.44228872656822205,
                    1.3268661499023438
                ],
                [
                    0.0,
                    0.0,
                    0.0,
                    1.0
                ]
            ]
        },
        {
            "file_path": "train/0035.png",
            "transform_matrix": [
                [
                    1.0,
                    8.124710913305687e-17,
                    -1.6475285808974693e-16,
                    -4.942585477994612e-16
                ],
                [
                    -1.8369702788777518e-16,
                    0.44228866696357727,
                    -0.8968727588653564,
                    -2.6906182765960693
                ],
                [
                    0.0,
                    0.8968726992607117,
                    0.44228872656822205,
                    1.3268661499023438
                ],
                [
                    0.0,
                    0.0,
                    0.0,
                    1.0
                ]
            ]
        },
        {
            "file_path": "train/0036.png",
            "transform_matrix": [
                [
                    0.9510564804077148,
                    -0.13667473196983337,
                    0.27714893221855164,
                    0.8314467668533325
                ],
                [
                    0.30901700258255005,
                    0.42064154148101807,
                    -0.8529766798019409,
                    -2.558929920196533
                ],
                [
                    7.4505797087454084e-09,
                    0.8968728184700012,
                    0.44228872656822205,
                    1.3268661499023438
                ],
                [
                    0.0,
                    0.0,
                    0.0,
                    1.0
                ]
            ]
        },
        {
            "file_path": "train/0037.png",
            "transform_matrix": [
                [
                    0.8090170621871948,
                    -0.2599707543849945,
                    0.5271685719490051,
                    1.5815057754516602
                ],
                [
                    0.5877853035926819,
                    0.3578190505504608,
                    -0.7255852818489075,
                    -2.176755905151367
                ],
                [
                    0.0,
                    0.8968726992607117,
                    0.44228869676589966,
                    1.3268661499023438
                ],
                [
                    0.0,
                    0.0,
                    0.0,
                    1.0
                ]
            ]
        },
        {
            "file_path": "train/0038.png",
            "transform_matrix": [
                [
                    0.5877853035926819,
                    -0.3578190505504608,
                    0.7255852818489075,
                    2.176755905151367
                ],
                [
                    0.8090170621871948,
                    0.2599707543849945,
                    -0.5271685719490051,
                    -1.5815057754516602
                ],
                [
                    0.0,
                    0.8968726992607117,
                    0.44228869676589966,
                    1.3268661499023438
                ],
                [
                    0.0,
                    0.0,
                    0.0,
                    1.0
                ]
            ]
        },
        {
            "file_path": "train/0039.png",
            "transform_matrix": [
                [
                    0.30901700258255005,
                    -0.42064154148101807,
                    0.8529766798019409,
                    2.558929920196533
                ],
                [
                    0.9510564804077148,
                    0.13667473196983337,
                    -0.27714893221855164,
                    -0.8314467668533325
                ],
                [
                    -7.4505797087454084e-09,
                    0.8968728184700012,
                    0.44228872656822205,
                    1.3268661499023438
                ],
                [
                    0.0,
                    0.0,
                    0.0,
                    1.0
                ]
            ]
        },
        {
            "file_path": "train/0040.png",
            "transform_matrix": [
                [
                    0.0,
                    -0.6755901575088501,
                    0.7372773885726929,
                    2.211832046508789
                ],
                [
                    1.0,
                    0.0,
                    0.0,
                    0.0
                ],
                [
                    0.0,
                    0.7372773289680481,
                    0.6755902171134949,
                    2.02677059173584
                ],
                [
                    0.0,
                    0.0,
                    0.0,
                    1.0
                ]
            ]
        },
        {
            "file_path": "train/0041.png",
            "transform_matrix": [
                [
                    -0.30901697278022766,
                    -0.6425244808197021,
                    0.7011924982070923,
                    2.1035773754119873
                ],
                [
                    0.9510565996170044,
                    -0.2087688148021698,
                    0.22783122956752777,
                    0.6834936738014221
                ],
                [
                    -1.4901161193847656e-08,
                    0.7372773289680481,
                    0.6755902171134949,
                    2.02677059173584
                ],
                [
                    0.0,
                    0.0,
                    0.0,
                    1.0
                ]
            ]
        },
        {
            "file_path": "train/0042.png",
            "transform_matrix": [
                [
                    -0.5877853035926819,
                    -0.5465639233589172,
                    0.5964698791503906,
                    1.7894096374511719
                ],
                [
                    0.8090170621871948,
                    -0.3971019983291626,
                    0.433360755443573,
                    1.3000822067260742
                ],
                [
                    2.980232594040899e-08,
                    0.7372773289680481,
                    0.6755902171134949,
                    2.02677059173584
                ],
                [
                    0.0,
                    0.0,
                    0.0,
                    1.0
                ]
            ]
        },
        {
            "file_path": "train/0043.png",
            "transform_matrix": [
                [
                    -0.8090170621871948,
                    -0.3971019983291626,
                    0.433360755443573,
                    1.3000822067260742
                ],
                [
                    0.5877853035926819,
                    -0.5465639233589172,
                    0.5964698791503906,
                    1.7894096374511719
                ],
                [
                    -2.980232594040899e-08,
                    0.7372773289680481,
                    0.6755902171134949,
                    2.02677059173584
                ],
                [
                    0.0,
                    0.0,
                    0.0,
                    1.0
                ]
            ]
        },
        {
            "file_path": "train/0044.png",
            "transform_matrix": [
                [
                    -0.9510565996170044,
                    -0.2087688148021698,
                    0.22783122956752777,
                    0.6834936738014221
                ],
                [
                    0.30901697278022766,
                    -0.6425244808197021,
                    0.7011924982070923,
                    2.1035773754119873
                ],
                [
                    1.4901161193847656e-08,
                    0.7372773289680481,
                    0.6755902171134949,
                    2.02677059173584
                ],
                [
                    0.0,
                    0.0,
                    0.0,
                    1.0
                ]
            ]
        },
        {
            "file_path": "train/0045.png",
            "transform_matrix": [
                [
                    -1.0,
                    -4.1367960869544506e-17,
                    4.51452149623189e-17,
                    1.354356448869567e-16
                ],
                [
                    6.123232939436859e-17,
                    -0.6755901575088501,
                    0.7372773885726929,
                    2.211832046508789
                ],
                [
                    0.0,
                    0.7372773289680481,
                    0.6755902171134949,
                    2.02677059173584
                ],
                [
                    0.0,
                    0.0,
                    0.0,
                    1.0
                ]
            ]
        },
        {
            "file_path": "train/0046.png",
            "transform_matrix": [
                [
                    -0.9510565996170044,
                    0.2087688148021698,
                    -0.22783122956752777,
                    -0.6834936738014221
                ],
                [
                    -0.30901697278022766,
                    -0.6425244808197021,
                    0.7011924982070923,
                    2.1035773754119873
                ],
                [
                    -1.4901161193847656e-08,
                    0.7372773289680481,
                    0.6755902171134949,
                    2.02677059173584
                ],
                [
                    0.0,
                    0.0,
                    0.0,
                    1.0
                ]
            ]
        },
        {
            "file_path": "train/0047.png",
            "transform_matrix": [
                [
                    -0.8090170621871948,
                    0.3971019983291626,
                    -0.433360755443573,
                    -1.3000822067260742
                ],
                [
                    -0.5877853035926819,
                    -0.5465639233589172,
                    0.5964698791503906,
                    1.7894096374511719
                ],
                [
                    2.980232594040899e-08,
                    0.7372773289680481,
                    0.6755902171134949,
                    2.02677059173584
                ],
                [
                    0.0,
                    0.0,
                    0.0,
