{
    "camera_angle_x": 0.6911112070083618,
    "camera_angle_y": 0.4710899591445923,
    "fl_x": 1000.0,
    "fl_y": 1000.0,
    "k1": 0.0,
    "k2": 0.0,
    "p1": 0.0,
    "p2": 0.0,
    "cx": 360.0,
    "cy": 240.0,
    "w": 720.0,
    "h": 480.0,
    "aabb_scale": 4,
    "frames": [
        {
            "file_path": "test/0000.png",
            "transform_matrix": [
                [
                    -0.03925982117652893,
                    -0.49961453676223755,
                    0.8653577566146851,
                    2.5960731506347656
                ],
                [
                    0.9992290735244751,
                    -0.019629910588264465,
                    0.03400000184774399,
                    0.10199999809265137
                ],
                [
                    0.0,
                    0.8660253882408142,
                    0.5,
                    1.5
                ],
                [
                    0.0,
                    0.0,
                    0.0,
                    1.0
                ]
            ]
        },
        {
            "file_path": "test/0001.png",
            "transform_matrix": [
                [
                    -0.3461170494556427,
                    -0.4690956771373749,
                    0.8124975562095642,
                    2.437492609024048
                ],
                [
                    0.9381913542747498,
                    -0.17305852472782135,
                    0.29974615573883057,
                    0.8992384672164917
                ],
                [
                    0.0,
                    0.8660253882408142,
                    0.5,
                    1.5
                ],
                [
                    0.0,
                    0.0,
                    0.0,
                    1.0
                ]
            ]
        },
        {
            "file_path": "test/0002.png",
            "transform_matrix": [
                [
                    -0.6190939545631409,
                    -0.3926584720611572,
                    0.6801044344902039,
                    2.040313243865967
                ],
                [
                    0.7853169441223145,
                    -0.30954697728157043,
                    0.536151111125946,
                    1.6084532737731934
                ],
                [
                    0.0,
                    0.8660253882408142,
                    0.5,
                    1.5
                ],
                [
                    0.0,
                    0.0,
                    0.0,
                    1.0
                ]
            ]
        },
        {
            "file_path": "test/0003.png",
            "transform_matrix": [
                [
                    -0.8314696550369263,
                    -0.277785062789917,
                    0.4811379313468933,
                    1.4434137344360352
                ],
                [
                    0.5555701851844788,
                    -0.41573479771614075,
                    0.7200738787651062,
                    2.160221576690674
                ],
                [
                    1.4901161193847656e-08,
                    0.8660253882408142,
                    0.5,
                    1.5
                ],
                [
                    0.0,
                    0.0,
                    0.0,
                    1.0
                ]
            ]
        },
        {
            "file_path": "test/0004.png",
            "transform_matrix": [
                [
                    -0.9624552726745605,
                    -0.13572020828723907,
                    0.23507432639598846,
                    0.7052229642868042
                ],
                [
                    0.27144044637680054,
                    -0.4812275767326355,
                    0.8335107564926147,
                    2.5005321502685547
                ],
                [
                    0.0,
                    0.8660253882408142,
                    0.5,
                    1.5
                ],
                [
                    0.0,
                    0.0,
                    0.0,
                    1.0
                ]
            ]
        },
        {
            "file_path": "test/0005.png",
            "transform_matrix": [
                [
                    -0.9992290735244751,
                    0.019629910588264465,
                    -0.03400000184774399,
                    -0.10199999809265137
                ],
                [
                    -0.03925982117652893,
                    -0.49961453676223755,
                    0.8653577566146851,
                    2.5960731506347656
                ],
                [
                    0.0,
                    0.8660253882408142,
                    0.5,
                    1.5
                ],
                [
                    0.0,
                    0.0,
                    0.0,
                    1.0
                ]
            ]
        },
        {
            "file_path": "test/0006.png",
            "transform_matrix": [
                [
                    -0.9381913542747498,
                    0.17305852472782135,
                    -0.29974615573883057,
                    -0.8992384672164917
                ],
                [
                    -0.3461170494556427,
                    -0.4690956771373749,
                    0.8124975562095642,
                    2.437492609024048
                ],
                [
                    0.0,
                    0.8660253882408142,
                    0.5,
                    1.5
                ],
                [
                    0.0,
                    0.0,
                    0.0,
                    1.0
                ]
            ]
        },
        {
            "file_path": "test/0007.png",
            "transform_matrix": [
                [
                    -0.7853169441223145,
                    0.30954697728157043,
                    -0.536151111125946,
                    -1.6084532737731934
                ],
                [
                    -0.6190939545631409,
                    -0.3926584720611572,
                    0.6801044344902039,
                    2.040313243865967
                ],
                [
                    0.0,
                    0.8660253882408142,
                    0.5,
                    1.5
                ],
                [
                    0.0,
                    0.0,
                    0.0,
                    1.0
                ]
            ]
        },
        {
            "file_path": "test/0008.png",
            "transform_matrix": [
                [
                    -0.5555701851844788,
                    0.41573479771614075,
                    -0.7200738787651062,
                    -2.160221576690674
                ],
                [
                    -0.8314696550369263,
                    -0.277785062789917,
                    0.4811379313468933,
                    1.4434137344360352
                ],
                [
                    1.4901161193847656e-08,
                    0.8660253882408142,
                    0.5,
                    1.5
                ],
                [
                    0.0,
                    0.0,
                    0.0,
                    1.0
                ]
            ]
        },
        {
            "file_path": "test/0009.png",
            "transform_matrix": [
                [
                    -0.27144044637680054,
                    0.4812275767326355,
                    -0.8335107564926147,
                    -2.5005321502685547
                ],
                [
                    -0.9624552726745605,
                    -0.13572020828723907,
                    0.23507432639598846,
                    0.7052229642868042
                ],
                [
                    0.0,
                    0.8660253882408142,
                    0.5,
                    1.5
                ],
                [
                    0.0,
                    0.0,
                    0.0,
                    1.0
                ]
            ]
        },
        {
            "file_path": "val/0010.png",
            "transform_matrix": [
                [
                    -0.03925982117652893,
                    -0.49961453676223755,
                    0.8653577566146851,
                    2.5960731506347656
                ],
                [
                    0.9992290735244751,
                    -0.019629910588264465,
                    0.03400000184774399,
                    0.10199999809265137
                ],
                [
                    0.0,
                    0.8660253882408142,
                    0.5,
                    1.5
                ],
                [
                    0.0,
                    0.0,
                    0.0,
                    1.0
                ]
            ]
        },
        {
            "file_path": "val/0011.png",
            "transform_matrix": [
                [
                    -0.3461170494556427,
                    -0.4690956771373749,
                    0.8124975562095642,
                    2.437492609024048
                ],
                [
                    0.9381913542747498,
                    -0.17305852472782135,
                    0.29974615573883057,
                    0.8992384672164917
                ],
                [
                    0.0,
                    0.8660253882408142,
                    0.5,
                    1.5
                ],
                [
                    0.0,
                    0.0,
                    0.0,
                    1.0
                ]
            ]
        },
        {
            "file_path": "val/0012.png",
            "transform_matrix": [
                [
                    -0.6190939545631409,
                    -0.3926584720611572,
                    0.6801044344902039,
                    2.040313243865967
                ],
                [
                    0.7853169441223145,
                    -0.30954697728157043,
                    0.536151111125946,
                    1.6084532737731934
                ],
                [
                    0.0,
                    0.8660253882408142,
                    0.5,
                    1.5
                ],
                [
                    0.0,
                    0.0,
                    0.0,
                    1.0
                ]
            ]
        },
        {
            "file_path": "val/0013.png",
            "transform_matrix": [
                [
                    -0.8314696550369263,
                    -0.277785062789917,
                    0.4811379313468933,
                    1.4434137344360352
                ],
                [
                    0.5555701851844788,
                    -0.41573479771614075,
                    0.7200738787651062,
                    2.160221576690674
                ],
                [
                    1.4901161193847656e-08,
                    0.8660253882408142,
                    0.5,
                    1.5
                ],
                [
                    0.0,
                    0.0,
                    0.0,
                    1.0
                ]
            ]
        },
        {
            "file_path": "val/0014.png",
            "transform_matrix": [
                [
                    -0.9624552726745605,
                    -0.13572020828723907,
                    0.23507432639598846,
                    0.7052229642868042
                ],
                [
                    0.27144044637680054,
                    -0.4812275767326355,
                    0.8335107564926147,
                    2.5005321502685547
                ],
                [
                    0.0,
                    0.8660253882408142,
                    0.5,
                    1.5
                ],
                [
                    0.0,
                    0.0,
                    0.0,
                    1.0
                ]
            ]
        },
        {
            "file_path": "val/0015.png",
            "transform_matrix": [
                [
                    -0.9992290735244751,
                    0.019629910588264465,
                    -0.03400000184774399,
                    -0.10199999809265137
                ],
                [
                    -0.03925982117652893,
                    -0.49961453676223755,
                    0.8653577566146851,
                    2.5960731506347656
                ],
                [
                    0.0,
                    0.8660253882408142,
                    0.5,
                    1.5
                ],
                [
                    0.0,
                    0.0,
                    0.0,
                    1.0
                ]
            ]
        },
        {
            "file_path": "val/0016.png",
            "transform_matrix": [
                [
                    -0.9381913542747498,
                    0.17305852472782135,
                    -0.29974615573883057,
                    -0.8992384672164917
                ],
                [
                    -0.3461170494556427,
                    -0.4690956771373749,
                    0.8124975562095642,
                    2.437492609024048
                ],
                [
                    0.0,
                    0.8660253882408142,
                    0.5,
                    1.5
                ],
                [
                    0.0,
                    0.0,
                    0.0,
                    1.0
                ]
            ]
        },
        {
            "file_path": "val/0017.png",
            "transform_matrix": [
                [
                    -0.7853169441223145,
                    0.30954697728157043,
                    -0.536151111125946,
                    -1.6084532737731934
                ],
                [
                    -0.6190939545631409,
                    -0.3926584720611572,
                    0.6801044344902039,
                    2.040313243865967
                ],
                [
                    0.0,
                    0.8660253882408142,
                    0.5,
                    1.5
                ],
                [
                    0.0,
                    0.0,
                    0.0,
                    1.0
                ]
            ]
        },
        {
            "file_path": "val/0018.png",
            "transform_matrix": [
                [
                    -0.5555701851844788,
                    0.41573479771614075,
                    -0.7200738787651062,
                    -2.160221576690674
                ],
                [
                    -0.8314696550369263,
                    -0.277785062789917,
                    0.4811379313468933,
                    1.4434137344360352
                ],
                [
                    1.4901161193847656e-08,
                    0.8660253882408142,
                    0.5,
                    1.5
                ],
                [
                    0.0,
                    0.0,
                    0.0,
                    1.0
                ]
            ]
        },
        {
            "file_path": "val/0019.png",
            "transform_matrix": [
                [
                    -0.27144044637680054,
                    0.4812275767326355,
                    -0.8335107564926147,
                    -2.5005321502685547
                ],
                [
                    -0.9624552726745605,
                    -0.13572020828723907,
                    0.23507432639598846,
                    0.7052229642868042
                ],
                [
                    0.0,
                    0.8660253882408142,
                    0.5,
                    1.5
                ],
                [
                    0.0,
                    0.0,
                    0.0,
                    1.0
                ]
            ]
        },
        {
            "file_path": "train/0020.png",
            "transform_matrix": [
                [
                    0.0,
                    -0.4999999701976776,
                    0.8660253882408142,
                    2.598076105117798
                ],
                [
                    1.0,
                    0.0,
                    0.0,
                    0.0
                ],
                [
                    0.0,
                    0.8660253882408142,
                    0.5,
                    1.5
                ],
                [
                    0.0,
                    0.0,
                    0.0,
                    1.0
                ]
            ]
        },
        {
            "file_path": "train/0021.png",
            "transform_matrix": [
                [
                    -0.07845909148454666,
                    -0.4984586238861084,
                    0.8633557558059692,
                    2.5900673866271973
                ],
                [
                    0.9969174265861511,
                    -0.039229538291692734,
                    0.06794755905866623,
                    0.20384269952774048
                ],
                [
                    0.0,
                    0.8660253882408142,
                    0.4999999701976776,
                    1.5
                ],
                [
                    0.0,
                    0.0,
                    0.0,
                    1.0
                ]
            ]
        },
        {
            "file_path": "train/0022.png",
            "transform_matrix": [
                [
                    -0.15643444657325745,
                    -0.4938441216945648,
                    0.8553632497787476,
                    2.566089630126953
                ],
                [
                    0.9876883625984192,
                    -0.07821722328662872,
                    0.135476216673851,
                    0.40642863512039185
                ],
                [
                    0.0,
                    0.8660253882408142,
                    0.5,
                    1.5
                ],
                [
                    0.0,
                    0.0,
                    0.0,
                    1.0
                ]
            ]
        },
        {
            "file_path": "train/0023.png",
            "transform_matrix": [
                [
                    -0.23344537615776062,
                    -0.4861849546432495,
                    0.8420970439910889,
                    2.5262911319732666
                ],
                [
                    0.972369909286499,
                    -0.11672268807888031,
                    0.20216962695121765,
                    0.6065088510513306
                ],
                [
                    0.0,
                    0.8660253882408142,
                    0.5,
                    1.5
                ],
                [
                    0.0,
                    0.0,
                    0.0,
                    1.0
                ]
            ]
        },
        {
            "file_path": "train/0024.png",
            "transform_matrix": [
                [
                    -0.30901703238487244,
                    -0.4755282402038574,
                    0.8236390948295593,
                    2.470917224884033
                ],
                [
                    0.9510565996170044,
                    -0.15450850129127502,
                    0.2676165699958801,
                    0.8028497099876404
                ],
                [
                    0.0,
                    0.8660253882408142,
                    0.5,
                    1.5
                ],
                [
                    0.0,
                    0.0,
                    0.0,
                    1.0
                ]
            ]
        },
        {
            "file_path": "train/0025.png",
            "transform_matrix": [
                [
                    -0.3826834559440613,
                    -0.4619397819042206,
                    0.8001031875610352,
                    2.4003093242645264
                ],
                [
                    0.9238795638084412,
                    -0.19134172797203064,
                    0.331413596868515,
                    0.9942407011985779
                ],
                [
                    0.0,
                    0.8660253882408142,
                    0.5000000596046448,
                    1.5
                ],
                [
                    0.0,
                    0.0,
                    0.0,
                    1.0
                ]
            ]
        },
        {
            "file_path": "train/0026.png",
            "transform_matrix": [
                [
                    -0.4539906084537506,
                    -0.44550326466560364,
                    0.7716342806816101,
                    2.3149027824401855
                ],
                [
                    0.891006588935852,
                    -0.22699527442455292,
                    0.3931673467159271,
                    1.179502010345459
                ],
                [
                    0.0,
                    0.8660253882408142,
                    0.5,
                    1.5
                ],
                [
                    0.0,
                    0.0,
                    0.0,
                    1.0
                ]
            ]
        },
        {
            "file_path": "train/0027.png",
            "transform_matrix": [
                [
                    -0.522498607635498,
                    -0.42632007598876953,
                    0.7384080290794373,
                    2.215224027633667
                ],
                [
                    0.8526401519775391,
                    -0.261249303817749,
                    0.45249706506729126,
                    1.357491135597229
                ],
                [
                    0.0,
                    0.8660253882408142,
                    0.5,
                    1.5
                ],
                [
                    0.0,
                    0.0,
                    0.0,
                    1.0
                ]
            ]
        },
        {
            "file_path": "train/0028.png",
            "transform_matrix": [
                [
                    -0.5877852439880371,
                    -0.404508501291275,
                    0.7006293535232544,
                    2.1018879413604736
                ],
                [
                    0.8090170621871948,
                    -0.29389259219169617,
                    0.5090369582176208,
                    1.5271108150482178
                ],
                [
                    0.0,
                    0.8660253882408142,
                    0.5,
                    1.5
                ],
                [
                    0.0,
                    0.0,
                    0.0,
                    1.0
                ]
            ]
        },
        {
            "file_path": "train/0029.png",
            "transform_matrix": [
                [
                    -0.649448037147522,
                    -0.380202978849411,
                    0.6585308909416199,
                    1.9755926132202148
                ],
                [
                    0.760405957698822,
                    -0.324724018573761,
                    0.5624384880065918,
                    1.6873154640197754
                ],
                [
                    1.4901161193847656e-08,
                    0.8660253882408142,
                    0.5,
                    1.5
                ],
                [
                    0.0,
                    0.0,
                    0.0,
                    1.0
                ]
            ]
        },
        {
            "file_path": "train/0030.png",
            "transform_matrix": [
                [
                    -0.7071068286895752,
                    -0.3535533547401428,
                    0.6123724579811096,
                    1.8371174335479736
                ],
                [
                    0.7071068286895752,
                    -0.3535533547401428,
                    0.6123724579811096,
                    1.8371174335479736
                ],
                [
                    0.0,
                    0.8660253882408142,
                    0.4999999701976776,
                    1.5
                ],
                [
                    0.0,
                    0.0,
                    0.0,
                    1.0
                ]
            ]
        },
        {
            "file_path": "train/0031.png",
            "transform_matrix": [
                [
                    -0.760405957698822,
                    -0.324724018573761,
                    0.5624384880065918,
                    1.6873154640197754
                ],
                [
                    0.649448037147522,
                    -0.380202978849411,
                    0.6585308909416199,
                    1.9755926132202148
                ],
                [
                    -1.4901161193847656e-08,
                    0.8660253882408142,
                    0.5,
                    1.5
                ],
                [
                    0.0,
                    0.0,
                    0.0,
                    1.0
                ]
            ]
        },
        {
            "file_path": "train/0032.png",
            "transform_matrix": [
                [
                    -0.8090170621871948,
                    -0.29389259219169617,
                    0.5090369582176208,
                    1.5271108150482178
                ],
                [
                    0.5877852439880371,
                    -0.404508501291275,
                    0.7006293535232544,
                    2.1018879413604736
                ],
                [
                    0.0,
                    0.8660253882408142,
                    0.5,
                    1.5
                ],
                [
                    0.0,
                    0.0,
                    0.0,
                    1.0
                ]
            ]
        },
        {
            "file_path": "train/0033.png",
            "transform_matrix": [
                [
                    -0.8526401519775391,
                    -0.261249303817749,
                    0.45249706506729126,
                    1.357491135597229
                ],
                [
                    0.522498607635498,
                    -0.42632007598876953,
                    0.7384080290794373,
                    2.215224027633667
                ],
                [
                    0.0,
                    0.8660253882408142,
                    0.5,
                    1.5
                ],
                [
                    0.0,
                    0.0,
                    0.0,
                    1.0
                ]
            ]
        },
        {
            "file_path": "train/0034.png",
            "transform_matrix": [
                [
                    -0.891006588935852,
                    -0.22699527442455292,
                    0.3931673467159271,
                    1.179502010345459
                ],
                [
                    0.4539906084537506,
                    -0.44550326466560364,
                    0.7716342806816101,
                    2.3149027824401855
                ],
                [
                    0.0,
                    0.8660253882408142,
                    0.5,
                    1.5
                ],
                [
                    0.0,
                    0.0,
                    0.0,
                    1.0
                ]
            ]
        },
        {
            "file_path": "train/0035.png",
            "transform_matrix": [
                [
                    -0.9238795638084412,
                    -0.19134172797203064,
                    0.331413596868515,
                    0.9942407011985779
                ],
                [
                    0.3826834559440613,
                    -0.4619397819042206,
                    0.8001031875610352,
                    2.4003093242645264
                ],
                [
                    0.0,
                    0.8660253882408142,
                    0.5000000596046448,
                    1.5
                ],
                [
                    0.0,
                    0.0,
                    0.0,
                    1.0
                ]
            ]
        },
        {
            "file_path": "train/0036.png",
            "transform_matrix": [
                [
                    -0.9510565996170044,
                    -0.15450850129127502,
                    0.2676165699958801,
                    0.8028497099876404
                ],
                [
                    0.30901703238487244,
                    -0.4755282402038574,
                    0.8236390948295593,
                    2.470917224884033
                ],
                [
                    0.0,
                    0.8660253882408142,
                    0.5,
                    1.5
                ],
                [
                    0.0,
                    0.0,
                    0.0,
                    1.0
                ]
            ]
        },
        {
            "file_path": "train/0037.png",
            "transform_matrix": [
                [
                    -0.972369909286499,
                    -0.11672268807888031,
                    0.20216962695121765,
                    0.6065088510513306
                ],
                [
                    0.23344537615776062,
                    -0.4861849546432495,
                    0.8420970439910889,
                    2.5262911319732666
                ],
                [
                    0.0,
                    0.8660253882408142,
                    0.5,
                    1.5
                ],
                [
                    0.0,
                    0.0,
                    0.0,
                    1.0
                ]
            ]
        },
        {
            "file_path": "train/0038.png",
            "transform_matrix": [
                [
                    -0.9876883625984192,
                    -0.07821722328662872,
                    0.135476216673851,
                    0.40642863512039185
                ],
                [
                    0.15643444657325745,
                    -0.4938441216945648,
                    0.8553632497787476,
                    2.566089630126953
                ],
                [
                    0.0,
                    0.8660253882408142,
                    0.5,
                    1.5
                ],
                [
                    0.0,
                    0.0,
                    0.0,
                    1.0
                ]
            ]
        },
        {
            "file_path": "train/0039.png",
            "transform_matrix": [
                [
                    -0.9969174265861511,
                    -0.039229538291692734,
                    0.06794755905866623,
                    0.20384269952774048
                ],
                [
                    0.07845909148454666,
                    -0.4984586238861084,
                    0.8633557558059692,
                    2.5900673866271973
                ],
                [
                    0.0,
                    0.8660253882408142,
                    0.4999999701976776,
                    1.5
                ],
                [
                    0.0,
                    0.0,
                    0.0,
                    1.0
                ]
            ]
        },
        {
            "file_path": "train/0040.png",
            "transform_matrix": [
                [
                    -1.0,
                    -3.0616171314629196e-17,
                    5.302876236065149e-17,
                    1.5908628708195447e-16
                ],
                [
                    6.123234262925839e-17,
                    -0.4999999701976776,
                    0.8660253882408142,
                    2.598076105117798
                ],
                [
                    -1.6543612251060553e-24,
                    0.8660253882408142,
                    0.5,
                    1.5
                ],
                [
                    0.0,
                    0.0,
                    0.0,
                    1.0
                ]
            ]
        },
        {
            "file_path": "train/0041.png",
            "transform_matrix": [
                [
                    -0.9969174265861511,
                    0.039229538291692734,
                    -0.06794755905866623,
                    -0.20384269952774048
                ],
                [
                    -0.07845909148454666,
                    -0.4984586238861084,
                    0.8633557558059692,
                    2.5900673866271973
                ],
                [
                    0.0,
                    0.8660253882408142,
                    0.4999999701976776,
                    1.5
                ],
                [
                    0.0,
                    0.0,
                    0.0,
                    1.0
                ]
            ]
        },
        {
            "file_path": "train/0042.png",
            "transform_matrix": [
                [
                    -0.9876883625984192,
                    0.07821722328662872,
                    -0.135476216673851,
                    -0.40642863512039185
                ],
                [
                    -0.15643444657325745,
                    -0.4938441216945648,
                    0.8553632497787476,
                    2.566089630126953
                ],
                [
                    0.0,
                    0.8660253882408142,
                    0.5,
                    1.5
                ],
                [
                    0.0,
                    0.0,
                    0.0,
                    1.0
                ]
            ]
        },
        {
            "file_path": "train/0043.png",
            "transform_matrix": [
                [
                    -0.972369909286499,
                    0.11672268807888031,
                    -0.20216962695121765,
                    -0.6065088510513306
                ],
                [
                    -0.23344537615776062,
                    -0.4861849546432495,
                    0.8420970439910889,
                    2.5262911319732666
                ],
                [
                    0.0,
                    0.8660253882408142,
                    0.5,
                    1.5
                ],
                [
                    0.0,
                    0.0,
                    0.0,
                    1.0
                ]
            ]
        },
        {
            "file_path": "train/0044.png",
            "transform_matrix": [
                [
                    -0.9510565996170044,
                    0.15450850129127502,
                    -0.2676165699958801,
                    -0.8028497099876404
                ],
                [
                    -0.30901703238487244,
                    -0.4755282402038574,
                    0.8236390948295593,
                    2.470917224884033
                ],
                [
                    0.0,
                    0.8660253882408142,
                    0.5,
                    1.5
                ],
                [
                    0.0,
                    0.0,
                    0.0,
                    1.0
                ]
            ]
        },
        {
            "file_path": "train/0045.png",
            "transform_matrix": [
                [
                    -0.9238795638084412,
                    0.19134172797203064,
                    -0.331413596868515,
                    -0.9942407011985779
                ],
                [
                    -0.3826834559440613,
                    -0.4619397819042206,
                    0.8001031875610352,
                    2.4003093242645264
                ],
                [
                    0.0,
                    0.8660253882408142,
                    0.5000000596046448,
                    1.5
                ],
                [
                    0.0,
                    0.0,
                    0.0,
                    1.0
                ]
            ]
        },
        {
            "file_path": "train/0046.png",
            "transform_matrix": [
                [
                    -0.891006588935852,
                    0.22699527442455292,
                    -0.3931673467159271,
                    -1.179502010345459
                ],
                [
                    -0.4539906084537506,
                    -0.44550326466560364,
                    0.7716342806816101,
                    2.3149027824401855
                ],
                [
                    0.0,
                    0.8660253882408142,
                    0.5,
                    1.5
                ],
                [
                    0.0,
                    0.0,
                    0.0,
                    1.0
                ]
            ]
        },
        {
            "file_path": "train/0047.png",
            "transform_matrix": [
                [
                    -0.8526401519775391,
                    0.261249303817749,
                    -0.45249706506729126,
                    -1.357491135597229
                ],
                [
                    -0.522498607635498,
                    -0.42632007598876953,
                    0.7384080290794373,
                    2.215224027633667
                ],
                [
                    0.0,
                    0.8660253882408142,
                    0.5,
                    1.5
                ],
                [
                    0.0,
                    0.0,
                    0.0,
                    1.0
                ]
            ]
        },
        {
            "file_path": "train/0048.png",
            "transform_matrix": [
                [
                    -0.8090170621871948,
                    0.29389259219169617,
                    -0.5090369582176208,
                    -1.5271108150482178
                ],
                [
                    -0.5877852439880371,
                    -0.404508501291275,
                    0.7006293535232544,
                    2.1018879413604736
                ],
                [
                    0.0,
                    0.8660253882408142,
                    0.5,
                    1.5
                ],
                [
                    0.0,
                    0.0,
                    0.0,
                    1.0
                ]
            ]
        },
        {
            "file_path": "train/0049.png",
            "transform_matrix": [
                [
                    -0.760405957698822,
                    0.324724018573761,
                    -0.5624384880065918,
                    -1.6873154640197754
                ],
                [
                    -0.649448037147522,
                    -0.380202978849411,
                    0.6585308909416199,
                    1.9755926132202148
                ],
                [
                    1.4901161193847656e-08,
                    0.8660253882408142,
                    0.5,
                    1.5
