{
    "camera_angle_x": 0.6911112070083618,
    "camera_angle_y": 0.4710899591445923,
    "fl_x": 2666.6666666666665,
    "fl_y": 2666.6666666666665,
    "k1": 0.0,
    "k2": 0.0,
    "p1": 0.0,
    "p2": 0.0,
    "cx": 960.0,
    "cy": 540.0,
    "w": 1920.0,
    "h": 1080.0,
    "aabb_scale": 4,
    "frames": [
        {
            "file_path": "train/0010.png",
            "transform_matrix": [
                [
                    0.0,
                    -0.30901700258255005,
                    0.9510564804077148,
                    2.8531696796417236
                ],
                [
                    1.0,
                    0.0,
                    0.0,
                    0.0
                ],
                [
                    0.0,
                    0.9510565400123596,
                    0.30901697278022766,
                    0.9270510077476501
                ],
                [
                    0.0,
                    0.0,
                    0.0,
                    1.0
                ]
            ]
        },
        {
            "file_path": "train/0011.png",
            "transform_matrix": [
                [
                    -0.5877853035926819,
                    -0.2499999850988388,
                    0.769420862197876,
                    2.308262586593628
                ],
                [
                    0.8090168833732605,
                    -0.18163566291332245,
                    0.5590170621871948,
                    1.677051067352295
                ],
                [
                    1.4901159417490817e-08,
                    0.9510565400123596,
                    0.30901700258255005,
                    0.9270510077476501
                ],
                [
                    0.0,
                    0.0,
                    0.0,
                    1.0
                ]
            ]
        },
        {
            "file_path": "train/0012.png",
            "transform_matrix": [
                [
                    -0.9510565400123596,
                    -0.09549152106046677,
                    0.29389265179634094,
                    0.8816778659820557
                ],
                [
                    0.30901703238487244,
                    -0.29389265179634094,
                    0.9045085310935974,
                    2.7135252952575684
                ],
                [
                    -7.450580596923828e-09,
                    0.9510565400123596,
                    0.30901703238487244,
                    0.9270510077476501
                ],
                [
                    0.0,
                    0.0,
                    0.0,
                    1.0
                ]
            ]
        },
        {
            "file_path": "train/0013.png",
            "transform_matrix": [
                [
                    -0.9510565400123596,
                    0.09549152106046677,
                    -0.29389265179634094,
                    -0.8816778659820557
                ],
                [
                    -0.30901703238487244,
                    -0.29389265179634094,
                    0.9045085310935974,
                    2.7135252952575684
                ],
                [
                    7.450580596923828e-09,
                    0.9510565400123596,
                    0.30901703238487244,
                    0.9270510077476501
                ],
                [
                    0.0,
                    0.0,
                    0.0,
                    1.0
                ]
            ]
        },
        {
            "file_path": "train/0014.png",
            "transform_matrix": [
                [
                    -0.5877853035926819,
                    0.2499999850988388,
                    -0.769420862197876,
                    -2.308262586593628
                ],
                [
                    -0.8090168833732605,
                    -0.18163566291332245,
                    0.5590170621871948,
                    1.677051067352295
                ],
                [
                    -1.4901159417490817e-08,
                    0.9510565400123596,
                    0.30901700258255005,
                    0.9270510077476501
                ],
                [
                    0.0,
                    0.0,
                    0.0,
                    1.0
                ]
            ]
        },
        {
            "file_path": "train/0015.png",
            "transform_matrix": [
                [
                    -1.2246465878873718e-16,
                    0.30901700258255005,
                    -0.9510564804077148,
                    -2.8531696796417236
                ],
                [
                    -1.0,
                    -3.7843665225533726e-17,
                    1.1647081542594934e-16,
                    3.494124727476276e-16
                ],
                [
                    0.0,
                    0.9510565400123596,
                    0.30901697278022766,
                    0.9270510077476501
                ],
                [
                    0.0,
                    0.0,
                    0.0,
                    1.0
                ]
            ]
        },
        {
            "file_path": "train/0016.png",
            "transform_matrix": [
                [
                    0.5877853035926819,
                    0.2499999850988388,
                    -0.769420862197876,
                    -2.308262586593628
                ],
                [
                    -0.8090168833732605,
                    0.18163566291332245,
                    -0.5590170621871948,
                    -1.677051067352295
                ],
                [
                    1.4901159417490817e-08,
                    0.9510565400123596,
                    0.30901700258255005,
                    0.9270510077476501
                ],
                [
                    0.0,
                    0.0,
                    0.0,
                    1.0
                ]
            ]
        },
        {
            "file_path": "train/0017.png",
            "transform_matrix": [
                [
                    0.9510565400123596,
                    0.09549152106046677,
                    -0.29389265179634094,
                    -0.8816778659820557
                ],
                [
                    -0.30901703238487244,
                    0.29389265179634094,
                    -0.9045085310935974,
                    -2.7135252952575684
                ],
                [
                    -7.450580596923828e-09,
                    0.9510565400123596,
                    0.30901703238487244,
                    0.9270510077476501
                ],
                [
                    0.0,
                    0.0,
                    0.0,
                    1.0
                ]
            ]
        },
        {
            "file_path": "train/0018.png",
            "transform_matrix": [
                [
                    0.9510565400123596,
                    -0.09549152106046677,
                    0.29389265179634094,
                    0.8816778659820557
                ],
                [
                    0.30901703238487244,
                    0.29389265179634094,
                    -0.9045085310935974,
                    -2.7135252952575684
                ],
                [
                    7.450580596923828e-09,
                    0.9510565400123596,
                    0.30901703238487244,
                    0.9270510077476501
                ],
                [
                    0.0,
                    0.0,
                    0.0,
                    1.0
                ]
            ]
        },
        {
            "file_path": "train/0019.png",
            "transform_matrix": [
                [
                    0.5877853035926819,
                    -0.2499999850988388,
                    0.769420862197876,
                    2.308262586593628
                ],
                [
                    0.8090168833732605,
                    0.18163566291332245,
                    -0.5590170621871948,
                    -1.677051067352295
                ],
                [
                    -1.4901159417490817e-08,
                    0.9510565400123596,
                    0.30901700258255005,
                    0.9270510077476501
                ],
                [
                    0.0,
                    0.0,
                    0.0,
                    1.0
                ]
            ]
        },
        {
            "file_path": "train/0020.png",
            "transform_matrix": [
                [
                    0.0,
                    -0.3826834261417389,
                    0.9238795638084412,
                    2.7716383934020996
                ],
                [
                    1.0,
                    0.0,
                    0.0,
                    0.0
                ],
                [
                    0.0,
                    0.9238795042037964,
                    0.38268348574638367,
                    1.148050308227539
                ],
                [
                    0.0,
                    0.0,
                    0.0,
                    1.0
                ]
            ]
        },
        {
            "file_path": "train/0021.png",
            "transform_matrix": [
                [
                    -0.5877852439880371,
                    -0.3095974326133728,
                    0.7474342584609985,
                    2.242302894592285
                ],
                [
                    0.80901700258255,
                    -0.22493569552898407,
                    0.5430427193641663,
                    1.629128336906433
                ],
                [
                    1.4901161193847656e-08,
                    0.9238795042037964,
                    0.3826834261417389,
                    1.148050308227539
                ],
                [
                    0.0,
                    0.0,
                    0.0,
                    1.0
                ]
            ]
        },
        {
            "file_path": "train/0022.png",
            "transform_matrix": [
                [
                    -0.9510565996170044,
                    -0.11825570464134216,
                    0.28549450635910034,
                    0.8564834594726562
                ],
                [
                    0.3090170621871948,
                    -0.3639535903930664,
                    0.8786616325378418,
                    2.6359848976135254
                ],
                [
                    0.0,
                    0.9238795042037964,
                    0.3826834559440613,
                    1.148050308227539
                ],
                [
                    0.0,
                    0.0,
                    0.0,
                    1.0
                ]
            ]
        },
        {
            "file_path": "train/0023.png",
            "transform_matrix": [
                [
                    -0.9510565996170044,
                    0.11825570464134216,
                    -0.28549450635910034,
                    -0.8564834594726562
                ],
                [
                    -0.3090170621871948,
                    -0.3639535903930664,
                    0.8786616325378418,
                    2.6359848976135254
                ],
                [
                    0.0,
                    0.9238795042037964,
                    0.3826834559440613,
                    1.148050308227539
                ],
                [
                    0.0,
                    0.0,
                    0.0,
                    1.0
                ]
            ]
        },
        {
            "file_path": "train/0024.png",
            "transform_matrix": [
                [
                    -0.5877852439880371,
                    0.3095974326133728,
                    -0.7474342584609985,
                    -2.242302894592285
                ],
                [
                    -0.80901700258255,
                    -0.22493569552898407,
                    0.5430427193641663,
                    1.629128336906433
                ],
                [
                    -1.4901161193847656e-08,
                    0.9238795042037964,
                    0.3826834261417389,
                    1.148050308227539
                ],
                [
                    0.0,
                    0.0,
                    0.0,
                    1.0
                ]
            ]
        },
        {
            "file_path": "train/0025.png",
            "transform_matrix": [
                [
                    -1.2246469849340659e-16,
                    0.3826834261417389,
                    -0.9238795638084412,
                    -2.7716383934020996
                ],
                [
                    -1.0,
                    -4.6865208005947366e-17,
                    1.1314262445284018e-16,
                    3.3942783365385114e-16
                ],
                [
                    0.0,
                    0.9238795042037964,
                    0.38268348574638367,
                    1.148050308227539
                ],
                [
                    0.0,
                    0.0,
                    0.0,
                    1.0
                ]
            ]
        },
        {
            "file_path": "train/0026.png",
            "transform_matrix": [
                [
                    0.5877852439880371,
                    0.3095974326133728,
                    -0.7474342584609985,
                    -2.242302894592285
                ],
                [
                    -0.80901700258255,
                    0.22493569552898407,
                    -0.5430427193641663,
                    -1.629128336906433
                ],
                [
                    1.4901161193847656e-08,
                    0.9238795042037964,
                    0.3826834261417389,
                    1.148050308227539
                ],
                [
                    0.0,
                    0.0,
                    0.0,
                    1.0
                ]
            ]
        },
        {
            "file_path": "train/0027.png",
            "transform_matrix": [
                [
                    0.9510565996170044,
                    0.11825570464134216,
                    -0.28549450635910034,
                    -0.8564834594726562
                ],
                [
                    -0.3090170621871948,
                    0.3639535903930664,
                    -0.8786616325378418,
                    -2.6359848976135254
                ],
                [
                    0.0,
                    0.9238795042037964,
                    0.3826834559440613,
                    1.148050308227539
                ],
                [
                    0.0,
                    0.0,
                    0.0,
                    1.0
                ]
            ]
        },
        {
            "file_path": "train/0028.png",
            "transform_matrix": [
                [
                    0.9510565996170044,
                    -0.11825570464134216,
                    0.28549450635910034,
                    0.8564834594726562
                ],
                [
                    0.3090170621871948,
                    0.3639535903930664,
                    -0.8786616325378418,
                    -2.6359848976135254
                ],
                [
                    0.0,
                    0.9238795042037964,
                    0.3826834559440613,
                    1.148050308227539
                ],
                [
                    0.0,
                    0.0,
                    0.0,
                    1.0
                ]
            ]
        },
        {
            "file_path": "train/0029.png",
            "transform_matrix": [
                [
                    0.5877852439880371,
                    -0.3095974326133728,
                    0.7474342584609985,
                    2.242302894592285
                ],
                [
                    0.80901700258255,
                    0.22493569552898407,
                    -0.5430427193641663,
                    -1.629128336906433
                ],
                [
                    -1.4901161193847656e-08,
                    0.9238795042037964,
                    0.3826834261417389,
                    1.148050308227539
                ],
                [
                    0.0,
                    0.0,
                    0.0,
                    1.0
                ]
            ]
        },
        {
            "file_path": "train/0030.png",
            "transform_matrix": [
                [
                    0.0,
                    -0.45399051904678345,
                    0.891006588935852,
                    2.6730196475982666
                ],
                [
                    1.0,
                    0.0,
                    0.0,
                    0.0
                ],
                [
                    0.0,
                    0.8910065293312073,
                    0.45399051904678345,
                    1.3619714975357056
                ],
                [
                    0.0,
                    0.0,
                    0.0,
                    1.0
                ]
            ]
        },
        {
            "file_path": "train/0031.png",
            "transform_matrix": [
                [
                    -0.5877852439880371,
                    -0.3672860264778137,
                    0.7208394408226013,
                    2.162518262863159
                ],
                [
                    0.8090170621871948,
                    -0.2668488919734955,
                    0.5237205028533936,
                    1.5711615085601807
                ],
                [
                    -1.4901161193847656e-08,
                    0.8910065293312073,
                    0.45399051904678345,
                    1.3619714975357056
                ],
                [
                    0.0,
                    0.0,
                    0.0,
                    1.0
                ]
            ]
        },
        {
            "file_path": "train/0032.png",
            "transform_matrix": [
                [
                    -0.9510565400123596,
                    -0.1402907818555832,
                    0.2753361463546753,
                    0.8260084390640259
                ],
                [
                    0.30901700258255005,
                    -0.4317706525325775,
                    0.8473975658416748,
                    2.5421926975250244
                ],
                [
                    0.0,
                    0.8910065293312073,
                    0.45399051904678345,
                    1.3619714975357056
                ],
                [
                    0.0,
                    0.0,
                    0.0,
                    1.0
                ]
            ]
        },
        {
            "file_path": "train/0033.png",
            "transform_matrix": [
                [
                    -0.9510565400123596,
                    0.1402907818555832,
                    -0.2753361463546753,
                    -0.8260084390640259
                ],
                [
                    -0.30901700258255005,
                    -0.4317706525325775,
                    0.8473975658416748,
                    2.5421926975250244
                ],
                [
                    0.0,
                    0.8910065293312073,
                    0.45399051904678345,
                    1.3619714975357056
                ],
                [
                    0.0,
                    0.0,
                    0.0,
                    1.0
                ]
            ]
        },
        {
            "file_path": "train/0034.png",
            "transform_matrix": [
                [
                    -0.5877852439880371,
                    0.3672860264778137,
                    -0.7208394408226013,
                    -2.162518262863159
                ],
                [
                    -0.8090170621871948,
                    -0.2668488919734955,
                    0.5237205028533936,
                    1.5711615085601807
                ],
                [
                    1.4901161193847656e-08,
                    0.8910065293312073,
                    0.45399051904678345,
                    1.3619714975357056
                ],
                [
                    0.0,
                    0.0,
                    0.0,
                    1.0
                ]
            ]
        },
        {
            "file_path": "train/0035.png",
            "transform_matrix": [
                [
                    -1.2246467202362698e-16,
                    0.45399051904678345,
                    -0.891006588935852,
                    -2.6730196475982666
                ],
                [
                    -1.0,
                    -5.559780005478398e-17,
                    1.091168356732181e-16,
                    3.273504937847645e-16
                ],
                [
                    0.0,
                    0.8910065293312073,
                    0.45399051904678345,
                    1.3619714975357056
                ],
                [
                    0.0,
                    0.0,
                    0.0,
                    1.0
                ]
            ]
        },
        {
            "file_path": "train/0036.png",
            "transform_matrix": [
                [
                    0.5877852439880371,
                    0.3672860264778137,
                    -0.7208394408226013,
                    -2.162518262863159
                ],
                [
                    -0.8090170621871948,
                    0.2668488919734955,
                    -0.5237205028533936,
                    -1.5711615085601807
                ],
                [
                    -1.4901161193847656e-08,
                    0.8910065293312073,
                    0.45399051904678345,
                    1.3619714975357056
                ],
                [
                    0.0,
                    0.0,
                    0.0,
                    1.0
                ]
            ]
        },
        {
            "file_path": "train/0037.png",
            "transform_matrix": [
                [
                    0.9510565400123596,
                    0.1402907818555832,
                    -0.2753361463546753,
                    -0.8260084390640259
                ],
                [
                    -0.30901700258255005,
                    0.4317706525325775,
                    -0.8473975658416748,
                    -2.5421926975250244
                ],
                [
                    0.0,
                    0.8910065293312073,
                    0.45399051904678345,
                    1.3619714975357056
                ],
                [
                    0.0,
                    0.0,
                    0.0,
                    1.0
                ]
            ]
        },
        {
            "file_path": "train/0038.png",
            "transform_matrix": [
                [
                    0.9510565400123596,
                    -0.1402907818555832,
                    0.2753361463546753,
                    0.8260084390640259
                ],
                [
                    0.30901700258255005,
                    0.4317706525325775,
                    -0.8473975658416748,
                    -2.5421926975250244
                ],
                [
                    0.0,
                    0.8910065293312073,
                    0.45399051904678345,
                    1.3619714975357056
                ],
                [
                    0.0,
                    0.0,
                    0.0,
                    1.0
                ]
            ]
        },
        {
            "file_path": "train/0039.png",
            "transform_matrix": [
                [
                    0.5877852439880371,
                    -0.3672860264778137,
                    0.7208394408226013,
                    2.162518262863159
                ],
                [
                    0.8090170621871948,
                    0.2668488919734955,
                    -0.5237205028533936,
                    -1.5711615085601807
                ],
                [
                    1.4901161193847656e-08,
                    0.8910065293312073,
                    0.45399051904678345,
                    1.3619714975357056
                ],
                [
                    0.0,
                    0.0,
                    0.0,
                    1.0
                ]
            ]
        },
        {
            "file_path": "train/0040.png",
            "transform_matrix": [
                [
                    0.0,
                    -0.522498607635498,
                    0.8526402711868286,
                    2.557920455932617
                ],
                [
                    1.0,
                    0.0,
                    0.0,
                    0.0
                ],
                [
                    0.0,
                    0.8526401519775391,
                    0.522498607635498,
                    1.567495584487915
                ],
                [
                    0.0,
                    0.0,
                    0.0,
                    1.0
                ]
            ]
        },
        {
            "file_path": "train/0041.png",
            "transform_matrix": [
                [
                    -0.5877852439880371,
                    -0.42271021008491516,
                    0.6898004412651062,
                    2.069401264190674
                ],
                [
                    0.8090170621871948,
                    -0.30711692571640015,
                    0.5011693239212036,
                    1.5035079717636108
                ],
                [
                    0.0,
                    0.8526402115821838,
                    0.5224985480308533,
                    1.567495584487915
                ],
                [
                    0.0,
                    0.0,
                    0.0,
                    1.0
                ]
            ]
        },
        {
            "file_path": "train/0042.png",
            "transform_matrix": [
                [
                    -0.9510564804077148,
                    -0.16146095097064972,
                    0.2634803354740143,
                    0.7904409170150757
                ],
                [
                    0.30901700258255005,
                    -0.4969256818294525,
                    0.8109090328216553,
                    2.4327268600463867
                ],
                [
                    0.0,
                    0.8526401519775391,
                    0.522498607635498,
                    1.567495584487915
                ],
                [
                    0.0,
                    0.0,
                    0.0,
                    1.0
                ]
            ]
        },
        {
            "file_path": "train/0043.png",
            "transform_matrix": [
                [
                    -0.9510564804077148,
                    0.16146095097064972,
                    -0.2634803354740143,
                    -0.7904409170150757
                ],
                [
                    -0.30901700258255005,
                    -0.4969256818294525,
                    0.8109090328216553,
                    2.4327268600463867
                ],
                [
                    0.0,
                    0.8526401519775391,
                    0.522498607635498,
                    1.567495584487915
                ],
                [
                    0.0,
                    0.0,
                    0.0,
                    1.0
                ]
            ]
        },
        {
            "file_path": "train/0044.png",
            "transform_matrix": [
                [
                    -0.5877852439880371,
                    0.42271021008491516,
                    -0.6898004412651062,
                    -2.069401264190674
                ],
                [
                    -0.8090170621871948,
                    -0.30711692571640015,
                    0.5011693239212036,
                    1.5035079717636108
                ],
                [
                    0.0,
                    0.8526402115821838,
                    0.5224985480308533,
                    1.567495584487915
                ],
                [
                    0.0,
                    0.0,
                    0.0,
                    1.0
                ]
            ]
        },
        {
            "file_path": "train/0045.png",
            "transform_matrix": [
                [
                    -1.2246467202362698e-16,
                    0.522498607635498,
                    -0.8526402711868286,
                    -2.557920455932617
                ],
                [
                    -1.0,
                    -6.398762169266842e-17,
                    1.044183174450189e-16,
                    3.132549126303873e-16
                ],
                [
                    0.0,
                    0.8526401519775391,
                    0.522498607635498,
                    1.567495584487915
                ],
                [
                    0.0,
                    0.0,
                    0.0,
                    1.0
                ]
            ]
        },
        {
            "file_path": "train/0046.png",
            "transform_matrix": [
                [
                    0.5877852439880371,
                    0.42271021008491516,
                    -0.6898004412651062,
                    -2.069401264190674
                ],
                [
                    -0.8090170621871948,
                    0.30711692571640015,
                    -0.5011693239212036,
                    -1.5035079717636108
                ],
                [
                    0.0,
                    0.8526402115821838,
                    0.5224985480308533,
                    1.567495584487915
                ],
                [
                    0.0,
                    0.0,
                    0.0,
                    1.0
                ]
            ]
        },
        {
            "file_path": "train/0047.png",
            "transform_matrix": [
                [
                    0.9510564804077148,
                    0.16146095097064972,
                    -0.2634803354740143,
                    -0.7904409170150757
                ],
                [
                    -0.30901700258255005,
                    0.4969256818294525,
                    -0.8109090328216553,
                    -2.4327268600463867
                ],
                [
                    0.0,
                    0.8526401519775391,
                    0.522498607635498,
                    1.567495584487915
                ],
                [
                    0.0,
                    0.0,
                    0.0,
                    1.0
                ]
            ]
        },
        {
            "file_path": "train/0048.png",
            "transform_matrix": [
                [
                    0.9510564804077148,
                    -0.16146095097064972,
                    0.2634803354740143,
                    0.7904409170150757
                ],
                [
                    0.30901700258255005,
                    0.4969256818294525,
                    -0.8109090328216553,
                    -2.4327268600463867
                ],
                [
                    0.0,
                    0.8526401519775391,
                    0.522498607635498,
                    1.567495584487915
                ],
                [
                    0.0,
                    0.0,
                    0.0,
                    1.0
                ]
            ]
        },
        {
            "file_path": "train/0049.png",
            "transform_matrix": [
                [
                    0.5877852439880371,
                    -0.42271021008491516,
                    0.6898004412651062,
                    2.069401264190674
                ],
                [
                    0.8090170621871948,
                    0.30711692571640015,
                    -0.5011693239212036,
                    -1.5035079717636108
                ],
                [
                    0.0,
                    0.8526402115821838,
                    0.5224985480308533,
                    1.567495584487915
                ],
                [
                    0.0,
                    0.0,
                    0.0,
                    1.0
                ]
            ]
        },
        {
            "file_path": "train/0050.png",
            "transform_matrix": [
                [
                    0.0,
                    -0.5877852439880371,
                    0.8090170621871948,
                    2.427051067352295
                ],
                [
                    1.0,
                    0.0,
                    0.0,
                    0.0
                ],
                [
                    0.0,
                    0.8090170621871948,
                    0.5877852439880371,
                    1.7633557319641113
                ],
                [
                    0.0,
                    0.0,
                    0.0,
                    1.0
                ]
            ]
        },
        {
            "file_path": "train/0051.png",
            "transform_matrix": [
                [
                    -0.5877853631973267,
                    -0.4755282700061798,
                    0.6545084714889526,
                    1.963525414466858
                ],
                [
                    0.8090169429779053,
                    -0.34549155831336975,
                    0.4755282998085022,
                    1.4265848398208618
                ],
                [
                    0.0,
                    0.80901700258255,
                    0.5877852439880371,
                    1.7633557319641113
                ],
                [
                    0.0,
                    0.0,
                    0.0,
                    1.0
                ]
            ]
        },
        {
            "file_path": "train/0052.png",
            "transform_matrix": [
                [
                    -0.9510565996170044,
                    -0.18163563311100006,
                    0.25,
                    0.75
                ],
                [
                    0.30901703238487244,
                    -0.55901700258255,
                    0.769420862197876,
                    2.308262586593628
                ],
                [
                    0.0,
                    0.80901700258255,
                    0.5877852439880371,
                    1.7633557319641113
                ],
                [
                    0.0,
                    0.0,
                    0.0,
                    1.0
                ]
            ]
        },
        {
            "file_path": "train/0053.png",
            "transform_matrix": [
                [
                    -0.9510565996170044,
                    0.18163563311100006,
                    -0.25,
                    -0.75
                ],
                [
                    -0.30901703238487244,
                    -0.55901700258255,
                    0.769420862197876,
                    2.308262586593628
                ],
                [
                    0.0,
                    0.80901700258255,
                    0.5877852439880371,
                    1.7633557319641113
                ],
                [
                    0.0,
                    0.0,
                    0.0,
                    1.0
                ]
            ]
        },
        {
            "file_path": "train/0054.png",
            "transform_matrix": [
                [
                    -0.5877853631973267,
                    0.4755282700061798,
                    -0.6545084714889526,
                    -1.963525414466858
                ],
                [
                    -0.8090169429779053,
                    -0.34549155831336975,
                    0.4755282998085022,
                    1.4265848398208618
                ],
                [
                    0.0,
                    0.80901700258255,
                    0.5877852439880371,
                    1.7633557319641113
                ],
                [
                    0.0,
                    0.0,
                    0.0,
                    1.0
                ]
            ]
        },
        {
            "file_path": "train/0055.png",
            "transform_matrix": [
                [
                    -1.2246467202362698e-16,
                    0.5877852439880371,
                    -0.8090170621871948,
                    -2.427051067352295
                ],
                [
                    -1.0,
                    -7.198292450047938e-17,
                    9.907600785479212e-17,
                    2.9722801694693146e-16
                ],
                [
                    0.0,
                    0.8090170621871948,
                    0.5877852439880371,
                    1.7633557319641113
                ],
                [
                    0.0,
                    0.0,
                    0.0,
                    1.0
                ]
            ]
        },
        {
            "file_path": "train/0056.png",
            "transform_matrix": [
                [
                    0.5877853631973267,
                    0.4755282700061798,
                    -0.6545084714889526,
                    -1.963525414466858
                ],
                [
                    -0.8090169429779053,
                    0.34549155831336975,
                    -0.4755282998085022,
                    -1.4265848398208618
                ],
                [
                    0.0,
                    0.80901700258255,
                    0.5877852439880371,
                    1.7633557319641113
                ],
                [
                    0.0,
                    0.0,
                    0.0,
                    1.0
                ]
            ]
        },
        {
            "file_path": "train/0057.png",
            "transform_matrix": [
                [
                    0.9510565996170044,
                    0.18163563311100006,
                    -0.25,
                    -0.75
                ],
                [
                    -0.30901703238487244,
                    0.55901700258255,
                    -0.769420862197876,
                    -2.308262586593628
                ],
                [
                    0.0,
                    0.80901700258255,
                    0.5877852439880371,
                    1.7633557319641113
                ],
                [
                    0.0,
                    0.0,
                    0.0,
                    1.0
                ]
            ]
        },
        {
            "file_path": "train/0058.png",
            "transform_matrix": [
                [
                    0.9510565996170044,
                    -0.18163563311100006,
                    0.25,
                    0.75
                ],
                [
